sum total = 430538
avg = 1.29064
SD = 0.693417
